image_width: 1280 
image_height: 1024 
camera_name: mv_camera
camera_matrix:
  rows: 3
  cols: 3
  data: [2434.263653, 0.000000 ,586.831023, 0.000000 ,2449.572493 ,444.260892 , 0.000000, 0.000000, 1.000000]
distortion_model: plumb_bob
distortion_coefficients:
  rows: 1
  cols: 5
  data: [-0.132219, 0.560841 ,0.001305 ,-0.005545 ,0.000000 ]
rectification_matrix:
  rows: 3
  cols: 3
  data: [1.000000, 0.000000, 0.000000, 0.000000, 1.000000, 0.000000, 0.000000, 0.000000, 1.000000]
projection_matrix:
  rows: 3
  cols: 4
  data: [2414.704590, 0.000000, 583.134655, 0.000000, 0.000000, 2437.386230, 443.910498, 0.000000, 0.000000, 0.000000, 1.000000, 0.000000]
